30 10 28
20 2 10
148
0 7 18 23
10 5 29 11
5 7 11 4
1 26 23 21
22 0 26 12
19 0 20 18
17 15 18 12
1 25 13 20
1 18 15 13
5 2 15 24
21 13 28 21
1 21 17 20
5 16 10 21
20 17 26 19
16 17 17 25
3 19 28 8
3 11 7 14
14 20 17 9
8 9 22 10
3 8 18 11
12 24 28 10
5 12 17 11
10 21 14 13
28 18 29 17
17 6 18 4
16 13 17 1
1 27 19 23
0 23 26 14
23 10 27 11
4 17 27 7
0 21 18 10
21 21 27 11
2 10 9 27
19 17 21 16
5 6 12 12
0 8 2 17
7 1 20 5
13 6 28 10
9 15 22 2
17 1 20 4
5 20 22 10
3 25 10 13
10 0 12 0
21 10 26 20
11 12 12 7
16 22 20 9
9 19 18 18
7 2 8 9
2 26 18 18
26 2 29 21
11 20 28 9
21 17 24 4
0 1 20 2
22 23 29 10
9 26 16 13
7 16 19 12
5 12 29 6
22 12 26 3
13 12 29 9
26 12 29 17
9 1 24 11
4 19 5 26
17 13 24 12
9 9 13 7
8 6 23 5
0 17 15 21
0 10 25 22
2 5 25 21
3 20 9 23
0 20 18 24
5 11 16 16
13 13 14 23
6 19 8 12
19 0 27 16
23 5 29 19
7 13 22 24
17 27 24 25
12 9 29 2
13 17 16 21
8 27 23 12
13 5 19 7
20 2 23 15
3 13 14 0
18 19 25 4
12 26 14 1
14 16 24 5
4 13 21 21
10 21 13 26
3 9 19 11
4 17 27 22
15 2 20 3
3 7 8 4
1 2 28 15
4 24 6 13
12 6 26 19
0 0 18 14
1 3 25 14
2 27 7 0
18 5 22 25
2 25 17 4
8 0 9 13
4 0 28 1
12 7 15 1
5 1 29 15
9 15 20 0
9 7 13 5
17 10 21 18
23 19 27 21
6 10 18 6
2 13 13 4
11 4 20 20
3 22 4 16
3 13 25 10
22 24 25 15
14 5 19 14
15 8 29 19
12 26 20 4
12 1 14 6
19 7 23 15
0 1 24 7
13 14 17 0
0 8 25 2
9 6 15 25
17 21 20 7
14 23 29 22
19 17 23 10
5 8 21 17
4 25 22 3
5 18 25 4
19 0 20 2
3 4 12 6
13 8 25 23
6 25 17 2
14 24 17 4
14 24 27 15
1 23 3 19
0 22 13 0
6 27 26 23
0 24 28 6
2 0 22 16
18 27 24 5
2 24 17 15
7 10 16 0
0 20 23 16
20 5 23 10
24 25 29 1
8 1 10 13
15 26 19 5
595
4 1 26 27
9 11 16 27
16 5 17 10
5 23 19 2
1 6 28 20
5 17 29 17
16 4 25 12
15 22 24 11
2 7 9 9
9 19 27 14
19 13 25 20
20 7 22 7
7 8 8 1
8 14 13 26
15 20 24 4
16 25 20 21
18 5 29 21
4 12 18 23
15 2 22 9
4 3 14 9
6 0 29 2
5 14 26 19
9 3 25 8
0 15 12 20
20 27 28 22
21 11 29 0
11 19 29 17
9 5 23 10
8 18 23 21
19 13 20 1
18 9 19 27
1 23 28 11
0 16 7 11
0 12 20 20
15 3 21 14
9 22 28 1
14 7 23 19
7 25 10 24
13 26 25 21
0 12 2 26
19 11 23 18
8 6 11 2
6 23 9 3
3 3 21 5
2 23 23 19
6 2 18 12
5 12 15 1
16 25 17 5
2 19 20 19
3 1 11 18
8 22 22 16
0 17 15 18
0 27 28 3
5 8 29 2
9 8 19 22
1 8 23 19
25 27 28 16
17 16 22 26
3 1 19 13
0 22 24 12
16 14 27 17
4 16 23 3
20 21 28 3
1 6 20 19
12 3 20 8
20 19 22 22
8 25 18 23
3 9 18 27
12 21 14 19
13 3 14 24
2 15 18 20
12 20 26 0
1 2 29 26
2 23 27 22
7 1 16 12
2 20 18 7
0 15 14 23
10 22 21 22
10 14 19 27
0 10 7 0
3 2 6 18
14 17 21 2
6 21 19 0
1 0 13 16
5 5 6 27
14 1 26 7
6 26 14 15
14 19 15 25
3 21 15 13
1 22 12 19
7 15 19 8
8 15 21 22
1 14 27 11
20 5 22 21
6 25 23 16
12 0 23 5
4 7 5 11
20 22 28 17
16 22 20 27
15 2 19 5
15 1 22 24
11 16 15 16
15 25 18 25
2 2 15 20
0 12 9 24
13 27 16 0
14 5 18 3
19 13 29 24
13 2 25 12
5 22 11 9
20 9 25 6
6 23 29 5
2 4 21 4
10 25 21 4
24 5 25 14
6 2 14 13
3 11 23 17
1 22 13 8
17 25 28 26
0 21 3 25
8 5 15 5
13 27 18 13
20 14 21 24
17 16 23 20
10 18 24 12
25 10 29 2
11 23 28 9
18 5 27 18
12 9 24 8
12 25 24 18
4 17 10 0
6 26 28 7
17 16 21 25
12 5 22 5
12 3 19 22
9 13 26 14
12 12 18 1
5 23 11 24
17 25 29 20
5 15 19 12
15 6 22 2
6 23 12 2
12 5 20 26
12 7 28 12
12 22 29 9
9 25 14 0
1 4 13 26
3 24 7 1
11 10 26 7
12 5 29 3
2 7 23 10
19 22 23 26
4 6 23 25
4 8 12 12
25 27 27 10
21 18 29 1
2 14 13 13
7 18 12 3
17 6 25 2
15 20 26 17
6 8 17 1
5 21 7 0
3 17 4 4
5 18 23 0
0 18 6 20
24 2 27 18
24 11 27 5
11 19 24 13
1 23 26 25
10 19 28 17
5 21 21 20
15 13 29 6
6 0 8 12
12 21 14 8
17 16 24 19
10 13 21 18
3 0 27 2
4 5 6 16
10 10 13 20
10 0 16 1
4 24 8 1
17 0 21 17
7 21 17 12
0 6 28 6
9 21 11 5
3 0 28 3
0 21 22 25
6 6 27 14
1 23 27 24
6 12 11 26
13 19 29 14
15 5 17 26
23 27 27 13
12 10 28 11
8 16 15 1
7 13 11 10
12 22 18 27
19 9 27 8
13 8 19 5
9 27 18 4
4 4 13 17
23 5 28 13
7 24 25 14
7 7 13 15
8 0 18 17
12 16 28 21
18 18 27 14
10 5 11 27
3 24 14 10
8 3 10 24
8 0 14 22
4 27 26 9
8 25 27 9
22 18 28 16
4 25 7 5
5 11 21 11
16 3 28 25
4 26 27 5
1 26 19 18
0 10 13 1
4 3 16 23
14 12 23 19
0 22 1 25
7 6 11 10
1 17 10 2
1 27 26 15
5 26 18 22
0 23 7 4
3 18 22 17
11 7 29 27
16 19 29 0
6 11 9 16
8 27 25 8
21 19 23 5
1 18 20 8
0 26 26 8
18 6 27 17
6 5 11 12
2 13 11 25
19 19 20 27
12 26 29 14
22 6 23 6
4 12 18 6
12 21 27 24
1 1 5 7
13 22 21 5
22 27 26 8
1 14 19 26
14 21 25 17
7 20 29 16
2 23 13 6
1 19 6 25
6 6 18 9
8 24 27 21
13 2 22 17
11 16 24 20
2 27 6 9
21 5 22 11
2 3 27 14
8 8 12 21
10 20 18 8
3 21 23 22
6 20 11 19
8 20 24 3
10 2 12 23
10 20 27 15
15 12 16 3
19 6 29 23
11 27 12 18
15 13 21 18
5 0 6 11
5 9 26 13
8 8 24 22
6 11 7 18
6 0 7 9
1 19 3 5
19 12 22 23
3 3 17 17
7 3 15 27
0 19 16 11
21 21 25 5
11 4 25 7
8 24 26 5
17 19 24 5
7 24 26 22
11 6 18 13
18 19 25 20
1 8 15 10
19 20 21 12
24 23 29 21
18 20 25 10
10 9 18 21
1 27 16 20
3 11 14 15
26 13 28 26
11 1 15 20
18 5 27 10
1 0 3 0
17 9 21 16
4 23 28 5
20 19 22 3
0 26 8 18
1 21 2 13
0 5 9 2
0 4 9 7
8 26 20 8
1 3 5 10
9 21 14 13
1 26 3 9
5 10 28 26
11 15 26 18
16 11 21 4
11 17 29 15
4 1 23 26
0 3 26 15
6 26 22 4
9 13 17 9
17 27 26 5
19 26 22 10
2 24 3 27
2 12 8 23
20 16 24 14
1 14 2 25
8 1 12 17
6 27 27 17
0 15 15 10
15 4 28 2
22 17 28 6
7 18 28 7
0 13 26 17
9 17 11 6
1 25 4 18
19 25 21 5
4 27 21 8
6 16 23 23
0 15 23 11
21 16 29 0
19 18 22 19
23 26 25 5
4 6 25 21
11 0 20 2
15 9 17 14
23 6 24 16
4 23 12 3
20 0 28 25
0 16 13 6
3 11 18 7
8 1 10 14
0 16 22 26
5 23 15 10
3 14 12 20
1 9 13 16
1 3 2 1
18 22 20 24
10 21 16 1
10 6 21 11
8 0 13 15
7 4 23 24
6 9 12 8
3 25 27 10
16 20 27 27
13 1 18 25
4 10 14 18
5 14 26 17
7 8 23 2
8 20 14 27
16 24 21 17
12 24 13 14
0 14 6 8
21 19 22 19
7 9 25 25
0 21 23 18
4 8 20 20
16 1 26 15
9 8 28 25
14 25 18 0
0 22 13 20
11 27 24 22
16 19 27 7
8 17 24 5
18 1 19 18
8 21 29 11
6 17 12 23
7 23 8 9
1 20 28 6
4 20 12 22
3 14 5 21
24 3 27 25
2 5 18 21
10 4 18 19
13 10 15 11
11 16 13 5
4 27 9 18
8 26 21 19
26 10 28 0
11 7 15 26
27 6 29 14
9 16 25 4
2 3 15 6
16 15 18 16
12 20 18 25
1 26 20 25
9 20 12 3
8 7 10 15
15 2 22 7
1 5 6 24
2 17 16 5
10 4 26 17
2 9 18 15
10 6 19 9
15 15 25 22
19 6 23 1
0 19 10 14
10 15 19 0
5 21 15 16
2 21 9 11
6 24 19 6
19 12 26 1
9 19 17 26
18 17 19 14
12 2 26 11
1 23 17 18
4 20 14 26
9 7 27 21
2 4 3 12
4 18 12 7
7 18 8 0
16 8 25 22
13 5 27 13
8 4 24 21
7 18 15 5
19 25 29 0
20 22 28 4
13 22 17 17
2 14 18 8
1 24 24 11
4 18 24 23
19 16 26 0
5 27 25 16
0 16 23 20
14 17 23 2
13 26 20 6
18 21 29 21
13 0 24 11
6 23 23 16
8 23 26 5
17 14 20 12
18 27 21 20
6 6 25 24
13 0 28 22
12 8 20 22
22 2 28 6
19 15 24 2
0 17 6 0
10 21 12 15
3 5 20 18
9 26 10 27
1 15 26 4
2 15 26 15
4 24 27 17
8 20 28 10
6 27 29 21
4 11 11 18
11 7 18 8
3 10 5 23
8 16 19 12
3 2 22 17
2 27 13 12
13 4 19 18
18 13 24 9
13 12 18 23
0 25 6 19
8 26 19 11
17 24 27 3
14 5 24 9
5 13 24 19
4 13 26 21
3 9 7 23
13 2 27 0
11 16 20 6
7 3 18 6
15 24 27 26
0 14 6 12
26 27 28 3
7 27 15 13
27 19 28 4
7 7 20 7
11 19 19 8
23 6 28 17
0 8 18 21
8 10 12 16
24 9 27 2
0 18 1 17
17 16 29 21
5 25 26 18
7 9 15 7
11 7 25 13
22 3 26 4
7 22 21 1
4 17 19 9
10 25 24 6
2 21 6 20
7 12 22 5
27 9 29 4
5 23 18 23
7 5 19 27
6 10 29 16
20 18 24 18
15 22 23 24
17 11 24 3
14 10 25 24
15 1 28 5
16 9 17 13
13 3 28 24
13 2 14 21
15 10 21 2
9 21 22 25
6 6 17 25
28 3 29 10
13 5 24 5
12 11 19 27
8 23 14 21
0 0 16 4
7 13 27 16
14 9 26 5
24 22 25 25
11 8 28 14
2 14 25 4
28 6 29 10
18 14 28 3
12 9 22 11
0 8 19 12
2 15 29 11
4 25 16 15
15 11 29 26
3 12 6 26
0 14 24 21
2 10 24 16
13 2 23 8
2 24 15 21
7 1 14 6
0 19 24 7
18 11 29 0
11 15 13 3
19 0 22 7
7 13 27 14
3 18 6 23
5 24 16 24
0 20 28 15
11 10 21 3
23 13 24 6
7 25 8 0
14 12 15 11
0 24 4 10
21 2 23 2
2 7 27 17
3 4 14 4
2 21 13 25
7 0 16 3
4 11 15 12
2 8 20 5
20 14 22 15
7 6 18 14
15 18 17 18
10 20 18 23
0 6 23 26
8 25 9 4
4 22 22 13
13 15 21 0
26 5 29 2
15 14 19 10
4 12 8 3
17 19 19 4
8 24 18 24
11 19 16 16
5 26 8 0
0 3 23 5
13 26 22 24
0 27 21 9
4 8 8 13
8 27 27 12
18 27 27 21
9 23 21 22
7 4 21 0
23 25 24 3
8 12 14 16
26 20 27 23
12 12 20 23
19 3 22 0
17 8 18 23
5 4 14 11
14 2 19 20
25 24 28 25
8 21 20 16
12 16 24 26
70
26 24 27 8
7 15 28 23
8 25 26 21
0 9 3 2
0 20 18 22
6 20 29 17
2 20 25 25
12 20 23 11
11 16 15 25
2 13 6 18
6 19 16 21
23 10 28 26
15 8 23 27
7 15 19 9
1 24 4 12
7 3 11 10
3 9 23 4
1 26 23 26
9 26 20 12
3 20 28 14
22 2 23 9
12 5 28 22
8 21 28 23
14 15 20 5
20 5 26 6
2 18 14 24
9 27 26 23
8 17 11 10
14 4 15 6
7 9 12 8
0 9 26 23
15 3 21 10
0 1 18 6
0 26 9 23
10 26 11 24
4 20 18 26
1 10 14 25
1 2 11 4
9 10 27 2
1 18 18 23
3 20 15 13
7 8 23 4
3 27 21 5
23 14 26 8
15 4 21 20
6 9 26 17
4 13 6 5
23 20 26 25
5 2 19 13
8 16 9 21
6 15 17 7
2 27 14 1
6 3 8 16
9 25 23 11
15 0 18 4
13 14 21 11
18 13 19 20
8 8 15 22
24 18 25 13
12 12 24 21
22 1 28 3
6 26 27 26
18 20 24 15
12 17 24 24
11 5 22 11
7 0 27 16
11 5 27 26
19 21 27 2
6 12 22 12
1 6 4 16
718
4 1 6 10
2 7 17 10
5 18 8 15
13 19 17 13
14 15 18 15
16 24 19 9
14 15 19 18
7 23 16 27
0 0 3 5
7 18 17 16
12 24 27 22
12 9 23 7
2 19 21 8
11 26 29 13
5 14 13 10
10 6 17 4
25 16 29 19
23 23 25 2
24 14 26 25
12 4 24 3
1 23 15 2
1 27 29 9
4 14 29 3
6 18 10 11
0 11 26 7
15 18 24 22
21 17 26 10
2 19 19 13
14 25 24 9
23 0 27 9
7 16 24 18
15 18 16 20
10 19 20 25
7 26 11 15
17 5 26 19
13 20 20 5
11 17 19 19
11 20 16 3
4 18 8 5
24 19 27 4
0 10 9 27
7 6 13 25
0 22 4 20
0 10 16 18
15 10 29 0
18 14 22 3
0 19 8 7
13 7 21 22
5 21 22 14
9 16 22 27
13 20 15 15
3 11 10 3
0 17 12 22
15 1 22 9
23 21 24 22
4 17 27 24
19 16 29 16
9 24 13 27
14 4 22 22
24 13 29 17
3 20 13 16
7 13 15 18
2 17 20 27
3 22 10 27
8 26 23 6
1 21 18 13
3 24 28 18
0 24 9 12
21 10 26 23
11 16 27 13
3 10 23 21
21 3 22 4
8 22 26 3
6 10 8 11
9 4 12 15
6 26 19 13
12 18 26 26
14 27 15 9
13 9 23 3
3 13 17 12
1 15 11 26
15 20 21 11
4 11 5 15
10 11 11 10
26 22 27 4
10 17 13 17
11 0 26 10
5 24 16 8
11 15 12 4
14 1 17 2
18 3 21 3
10 8 20 0
15 20 19 14
11 10 28 5
8 20 11 9
12 9 24 25
0 24 7 1
2 1 14 22
11 24 25 1
2 5 7 24
4 18 14 7
1 5 18 3
16 3 21 11
1 7 14 2
4 3 15 15
2 8 12 25
11 12 23 5
2 0 20 10
3 19 17 27
2 3 25 23
22 3 28 26
4 2 28 13
4 19 9 3
16 16 25 17
9 9 29 23
10 19 17 22
9 12 27 2
14 23 19 17
8 12 22 26
0 8 17 21
11 14 15 14
19 1 23 20
6 16 17 16
0 10 2 24
11 11 29 11
5 24 18 13
10 2 21 3
7 7 20 22
7 21 22 22
20 3 28 10
18 11 25 4
16 25 18 20
21 16 25 6
2 10 14 19
15 10 20 11
13 22 18 20
6 5 7 17
15 5 24 10
4 20 28 26
9 27 10 27
0 17 13 1
3 13 5 17
19 5 28 14
20 5 23 24
3 1 18 22
15 26 18 22
7 11 24 11
18 15 21 25
4 4 27 10
3 3 29 3
24 2 26 10
4 11 20 12
12 23 19 12
8 18 20 4
6 18 22 17
1 15 2 1
11 3 19 18
8 6 21 3
11 1 27 24
26 24 28 2
21 19 29 11
2 4 7 6
27 27 28 5
22 8 28 4
6 5 10 1
3 4 16 1
3 8 28 4
4 6 25 18
1 10 26 25
3 14 6 11
4 3 28 0
15 26 24 8
4 15 8 15
7 20 28 23
26 26 27 22
9 14 16 13
23 21 29 3
21 25 27 15
13 2 21 8
22 24 27 12
4 26 26 6
3 7 17 17
2 8 10 10
1 9 12 14
5 24 13 27
7 14 18 9
1 2 6 22
5 10 20 15
4 27 22 11
4 12 21 2
3 0 21 19
20 10 29 20
3 24 26 17
17 27 28 17
3 14 29 5
17 2 23 20
18 22 29 16
15 0 22 1
13 9 19 18
8 20 11 8
11 3 17 17
12 26 19 2
3 18 5 8
9 9 25 0
3 23 9 18
5 6 21 21
13 8 24 16
14 2 25 19
0 3 8 8
8 25 29 18
8 19 11 3
2 10 9 4
14 9 17 3
3 1 25 2
1 16 22 7
8 19 25 24
8 5 26 13
2 11 13 9
4 15 11 10
8 5 24 10
13 20 15 7
8 24 24 17
10 22 18 0
14 4 15 24
21 7 25 17
8 24 14 19
0 5 16 9
12 13 29 10
5 2 25 23
3 4 22 1
10 2 14 10
18 3 24 14
18 18 27 21
9 27 24 8
28 14 29 4
8 15 27 6
15 24 17 18
13 23 16 22
24 2 27 25
3 19 28 7
13 5 26 22
5 20 7 3
17 0 29 18
5 8 10 27
2 5 6 2
12 27 19 2
12 3 25 11
16 3 18 2
3 22 4 17
16 1 23 12
7 20 25 20
5 15 6 10
0 16 26 7
15 24 28 13
9 23 27 26
7 14 12 8
4 11 8 9
6 21 9 8
13 27 27 17
1 26 22 20
4 18 12 15
3 25 13 3
2 0 6 9
5 3 21 0
1 19 18 12
3 27 13 25
1 16 22 10
22 1 29 24
6 23 23 21
1 3 6 6
7 12 24 12
2 17 15 15
21 1 29 11
26 25 28 27
10 6 19 20
3 4 25 25
3 8 25 26
4 16 7 21
0 3 5 16
8 12 19 11
13 25 23 23
10 4 15 13
4 24 24 21
6 21 22 3
16 27 24 4
1 5 21 26
19 3 28 1
18 23 21 19
3 3 26 0
8 7 12 0
1 11 9 10
11 12 18 17
16 7 24 27
23 5 25 7
2 24 14 26
13 15 17 14
7 16 23 15
10 5 18 14
5 23 14 11
11 0 28 21
20 21 23 6
14 6 17 9
15 8 18 20
5 15 26 22
22 24 28 5
21 6 29 23
7 15 12 26
0 18 9 14
8 17 15 1
0 4 10 22
14 24 18 26
6 8 24 23
10 18 13 10
13 26 20 2
12 3 29 13
2 2 12 2
1 10 11 16
0 10 5 6
0 23 20 0
12 4 22 15
2 10 22 21
12 10 17 22
10 27 27 7
15 23 28 19
14 11 17 17
0 3 23 11
7 6 14 18
13 8 21 21
3 27 21 24
6 8 19 0
19 5 22 17
10 17 23 19
0 17 20 0
8 0 19 9
2 25 5 26
8 22 23 22
23 15 27 24
13 11 22 4
13 17 15 18
1 8 29 5
4 16 28 25
4 21 8 6
10 27 16 9
4 17 29 3
19 3 29 23
1 12 21 27
14 5 16 24
7 22 9 9
8 25 16 12
1 23 10 12
10 0 16 1
13 5 26 22
16 14 25 4
8 25 25 23
8 1 15 26
1 2 14 20
4 4 27 22
4 21 6 8
3 16 26 25
5 2 7 22
9 19 19 2
4 25 9 11
0 8 26 18
22 3 26 19
8 9 23 27
8 4 13 7
5 16 15 22
7 23 11 22
7 24 15 9
7 13 23 25
11 1 27 17
2 2 15 13
3 21 19 12
6 27 20 26
6 18 17 20
15 0 19 6
18 1 20 4
6 17 13 7
5 15 17 26
14 14 16 16
12 2 21 14
3 7 18 3
11 20 15 10
2 20 3 18
6 24 9 11
15 19 21 21
12 1 26 10
3 9 27 18
10 21 25 0
4 18 19 2
16 15 24 24
5 22 14 25
12 1 26 25
16 9 27 21
17 8 27 20
2 4 13 27
10 1 22 23
4 15 11 24
3 24 12 11
1 14 20 26
3 26 25 16
14 23 19 10
4 18 17 23
3 9 4 13
3 5 21 3
9 10 16 9
2 4 14 25
3 24 13 3
5 5 20 11
0 21 14 23
0 19 23 3
17 25 18 19
5 26 6 27
22 2 27 18
11 18 22 10
5 26 21 6
5 2 13 14
8 0 27 0
4 9 29 0
4 25 10 4
0 21 24 11
9 27 29 25
3 15 28 27
14 20 27 17
25 26 29 27
3 13 5 3
10 23 23 2
8 22 14 2
2 23 12 5
7 7 10 19
3 19 14 10
5 8 22 10
2 24 6 26
3 11 9 11
5 18 9 25
18 12 27 6
20 14 24 18
10 14 16 0
10 19 28 11
5 2 13 14
13 7 28 24
15 3 19 13
3 17 27 14
0 6 3 22
23 26 26 9
3 26 27 25
1 17 13 23
8 22 24 6
3 17 28 27
5 11 20 12
23 21 25 26
7 3 20 13
0 11 4 20
5 14 10 22
21 16 29 13
10 0 24 27
1 5 20 10
21 2 28 6
4 9 27 6
21 2 26 25
15 22 27 21
17 4 24 15
21 2 22 20
8 21 10 20
4 5 7 9
8 26 17 24
7 12 27 16
10 13 20 6
10 18 16 16
18 13 22 25
10 2 29 8
18 9 26 22
13 22 23 15
2 18 22 6
18 17 23 27
13 18 26 8
16 19 22 10
6 21 19 6
2 10 21 2
5 9 19 13
4 15 20 7
20 20 26 4
6 0 10 8
10 19 14 11
12 11 24 0
8 10 11 17
4 3 23 6
24 0 27 8
6 17 11 21
13 22 29 26
4 22 13 12
2 26 7 24
0 18 15 2
11 26 18 11
22 2 25 7
19 22 25 11
3 14 13 27
6 19 12 17
6 15 19 25
9 26 11 7
8 4 10 12
15 9 16 13
12 2 24 12
4 1 12 24
13 3 18 15
7 23 10 21
6 23 23 1
6 26 11 8
8 3 21 21
0 9 20 16
13 4 29 14
20 9 26 23
15 10 24 23
27 2 28 18
7 20 23 15
10 2 16 12
6 4 28 14
20 4 26 21
1 6 28 4
16 0 25 9
0 1 16 12
5 24 8 6
1 13 14 13
17 24 20 27
23 21 26 16
23 3 29 26
18 7 20 22
17 4 21 16
8 14 15 18
20 2 28 20
15 24 23 27
1 3 25 15
11 11 16 3
9 4 15 23
8 5 10 21
25 19 29 10
18 12 19 14
9 27 16 14
6 11 13 22
4 0 11 18
23 5 28 3
8 11 15 9
5 24 23 13
20 10 27 17
0 1 2 13
10 10 15 8
25 23 27 27
14 16 19 24
2 22 11 22
16 6 17 3
6 22 7 5
16 13 21 23
9 6 29 16
13 17 25 15
9 0 16 24
20 19 23 7
13 26 24 1
8 22 19 5
2 12 8 20
17 3 29 12
13 6 26 25
4 12 24 8
22 9 26 22
5 22 13 24
3 0 23 13
2 17 8 3
9 10 10 0
7 11 9 18
5 19 21 10
1 22 4 10
17 23 20 19
3 24 15 22
4 22 24 4
7 5 14 6
21 14 25 7
15 11 18 16
7 26 19 12
6 19 24 3
13 23 25 8
10 16 29 18
10 5 19 22
17 4 23 27
12 11 28 22
9 2 24 6
12 9 29 15
15 24 27 14
21 6 22 10
18 12 24 25
11 22 20 12
8 14 23 26
4 13 22 8
26 26 27 11
19 20 24 10
17 9 27 13
13 14 18 5
7 21 22 3
9 20 22 4
8 6 25 1
8 19 21 16
13 2 25 20
22 25 27 17
8 22 9 2
13 4 22 8
5 26 15 20
0 11 6 8
5 8 10 18
2 3 20 18
9 6 17 8
16 5 28 19
11 18 29 26
6 15 25 19
11 4 25 25
3 15 13 26
0 6 14 15
21 17 25 1
16 21 23 5
3 2 9 22
0 7 9 0
5 24 11 22
0 18 23 12
3 22 10 25
24 2 25 20
9 18 11 18
3 23 17 1
16 13 21 26
4 7 15 3
0 5 17 5
4 5 13 5
4 22 10 15
3 15 21 8
0 16 4 10
2 25 28 27
4 0 15 19
0 10 24 11
4 27 13 9
21 7 24 3
13 7 22 10
0 1 19 6
22 12 27 22
1 25 15 0
5 14 21 17
5 21 23 4
9 8 16 20
6 6 10 8
15 27 17 26
0 20 25 18
7 15 15 14
5 5 27 21
10 5 19 19
0 20 18 5
2 5 27 11
11 16 16 7
14 10 25 25
13 5 18 8
15 15 17 5
16 22 24 16
18 21 24 7
7 10 28 3
6 6 23 22
11 15 20 18
0 3 17 13
10 26 23 2
2 18 3 2
7 26 15 26
6 4 24 4
18 3 22 17
2 17 24 18
12 0 27 18
19 7 22 0
16 2 24 17
8 7 9 20
4 19 13 24
14 8 17 1
5 27 25 18
4 14 10 24
18 14 29 0
19 15 27 16
10 7 20 2
9 13 17 17
15 13 23 3
4 1 21 4
0 19 28 0
4 13 13 14
9 22 26 21
3 8 19 13
20 14 24 24
10 22 26 2
0 17 15 14
0 10 14 7
4 13 17 17
4 23 7 9
20 14 23 26
6 5 18 18
6 16 13 3
3 3 23 9
10 16 20 9
6 6 23 18
9 10 18 13
17 18 20 4
2 26 12 12
14 19 19 3
18 26 27 6
0 14 15 8
16 20 19 1
17 2 25 18
2 2 11 3
10 21 16 24
11 20 17 19
3 10 6 3
11 20 25 0
6 10 8 3
11 11 23 13
1 19 11 25
7 8 28 6
1 26 10 17
1 19 13 20
9 8 27 7
16 15 26 26
262
22 0 28 5
23 1 25 24
3 16 29 14
6 3 22 8
3 24 28 22
11 10 15 4
9 2 22 2
8 27 15 21
2 16 20 14
17 15 22 1
18 3 20 23
6 9 18 19
6 13 10 20
11 14 19 2
4 0 23 22
11 22 22 15
15 24 24 16
2 14 19 26
20 16 29 17
6 1 7 15
2 5 28 16
18 12 21 15
15 26 21 12
4 3 17 11
8 15 29 26
11 15 24 6
1 2 20 23
4 15 18 15
2 2 12 18
3 21 24 0
18 18 20 0
8 6 16 20
2 12 25 12
12 3 23 13
0 3 8 12
14 3 21 26
13 5 15 3
0 12 5 10
18 2 28 17
1 17 25 20
12 4 24 5
14 2 18 13
1 25 22 15
4 6 12 9
8 13 28 16
3 21 29 7
0 5 20 15
9 17 24 13
14 19 22 5
19 10 23 21
6 22 16 1
11 21 19 24
19 13 27 21
24 8 29 6
6 14 9 20
5 10 19 2
10 24 20 14
27 0 29 0
10 16 21 13
8 0 14 26
8 11 14 27
14 18 18 26
0 7 22 11
2 22 20 7
17 10 18 11
14 23 23 11
1 24 25 1
13 7 25 15
15 6 26 26
15 5 17 20
17 20 28 0
6 23 20 7
14 2 20 6
10 20 12 22
5 9 14 7
6 16 27 25
15 19 28 19
19 27 25 0
27 22 29 2
9 24 11 11
0 7 8 9
11 2 26 20
4 1 11 15
4 6 8 11
11 25 18 1
17 25 19 26
8 17 27 27
1 15 21 16
1 10 11 26
7 11 23 23
16 12 20 18
17 24 24 27
18 22 25 26
16 15 20 22
15 26 19 21
23 2 24 5
14 17 24 19
9 9 16 1
16 20 17 9
11 26 12 4
25 13 26 27
24 8 29 0
14 2 29 21
14 12 16 2
14 12 18 24
5 27 10 2
2 26 14 7
19 22 24 3
19 17 23 8
0 20 26 3
8 26 20 23
5 19 18 21
5 14 26 0
22 12 27 17
21 25 22 23
8 3 25 0
9 2 20 2
6 9 14 11
9 7 27 18
9 17 28 16
1 0 11 4
14 22 27 27
8 5 15 14
7 6 23 0
7 10 27 4
10 5 23 20
16 26 22 19
2 21 3 13
2 19 8 26
2 18 6 4
4 26 21 5
10 14 13 4
4 4 27 12
1 25 8 8
4 15 24 21
12 25 16 22
15 1 25 0
6 23 14 27
6 26 16 10
7 10 25 19
26 9 29 20
6 4 9 21
5 23 8 2
2 26 17 11
8 21 16 6
5 10 16 6
0 0 29 23
8 0 11 8
23 11 26 9
13 9 18 13
13 8 18 8
3 10 16 7
18 9 25 20
24 17 28 17
5 13 11 1
9 27 14 23
5 25 14 6
19 8 29 9
18 23 24 1
1 24 25 5
0 7 7 17
6 3 23 2
1 14 8 14
19 13 20 25
18 2 25 3
0 14 21 25
26 2 29 2
2 5 4 19
23 18 24 10
0 7 24 13
4 27 28 26
17 24 25 19
3 18 10 6
19 12 23 12
4 0 24 15
0 18 7 12
14 10 17 20
21 0 24 18
8 23 28 12
0 5 17 12
1 5 25 16
8 11 19 26
15 24 19 22
14 14 16 13
20 3 24 27
4 16 17 9
8 1 21 25
10 9 19 19
6 13 28 26
19 9 23 3
8 3 12 1
6 23 29 15
6 23 19 12
4 6 15 17
11 0 28 15
2 11 15 24
14 15 29 2
12 1 14 18
15 11 29 5
2 17 5 4
2 26 19 0
2 15 3 14
26 11 27 9
16 17 20 6
0 23 8 10
9 3 16 19
0 6 12 26
8 17 25 22
7 14 15 23
5 7 28 3
18 6 22 8
12 27 28 0
2 14 15 14
17 15 28 22
5 1 23 21
21 27 26 3
1 17 6 18
7 3 27 18
21 25 27 21
27 22 29 26
0 23 21 12
21 7 23 15
9 0 22 5
2 7 4 22
9 17 27 22
0 14 10 5
1 4 14 9
18 8 21 23
12 16 19 19
10 11 25 26
7 11 28 7
17 20 19 11
6 20 16 20
9 7 14 22
2 8 9 27
5 18 22 0
11 24 29 21
2 6 18 6
20 0 22 2
7 18 8 1
18 14 24 19
20 22 29 26
10 8 13 2
1 24 15 5
16 23 29 18
9 14 25 12
23 10 28 6
8 16 23 1
21 12 22 26
23 27 24 19
18 20 24 5
2 7 15 12
16 7 27 5
4 7 28 16
5 13 8 16
6 25 24 24
11 25 28 4
2 19 22 10
11 7 27 21
6 18 10 17
0 22 28 24
10 20 15 18

