-1 -1 -1 -1 -1 -1 -1 11 -1 -1 -1 7 -1 -1 -1 -1 -1 -1
-1 -1 -1 6 -1 -1 3 -1 -1 -1 -1 -1 -1 -1 -1 -1 -1 -1
-1 -1 -1 -1 -1 -1 17 -1 -1 -1 -1 -1 -1 -1 -1 -1 -1 6
-1 2 1 -1 -1 -1 -1 -1 -1 -1 -1 -1 -1 -1 -1 -1 -1 -1
-1 13 -1 -1 -1 -1 -1 -1 -1 -1 -1 -1 -1 1 -1 -1 -1 -1
-1 -1 -1 -1 -1 12 -1 -1 -1 -1 -1 -1 5 -1 -1 -1 -1 -1
-1 -1 -1 -1 -1 -1 -1 -1 14 -1 -1 -1 -1 -1 8 -1 -1 -1
-1 -1 -1 12 -1 -1 -1 -1 -1 -1 -1 -1 3 -1 -1 -1 -1 -1
-1 -1 -1 -1 -1 -1 9 -1 -1 6 -1 -1 -1 -1 -1 -1 -1 -1
-1 -1 -1 9 -1 -1 -1 -1 -1 3 -1 -1 -1 -1 -1 -1 -1 -1
-1 -1 -1 -1 -1 -1 13 -1 -1 -1 -1 -1 -1 6 -1 -1 -1 -1
-1 -1 -1 12 -1 -1 -1 -1 -1 -1 -1 -1 3 -1 -1 -1 -1 -1
-1 -1 -1 -1 -1 -1 -1 -1 -1 11 -1 9 -1 -1 -1 -1 -1 -1
-1 -1 -1 -1 -1 -1 -1 15 -1 -1 -1 -1 -1 -1 -1 7 -1 -1
-1 -1 6 -1 -1 -1 2 -1 -1 -1 -1 -1 -1 -1 -1 -1 -1 -1
-1 -1 -1 13 -1 -1 -1 -1 -1 -1 -1 -1 -1 3 -1 -1 -1 -1
-1 14 -1 -1 -1 -1 -1 -1 -1 -1 -1 -1 -1 -1 1 -1 -1 -1
3 -1 -1 0 -1 -1 -1 -1 -1 -1 -1 -1 -1 -1 -1 -1 -1 -1
-1 -1 13 -1 -1 -1 -1 -1 -1 -1 -1 -1 -1 2 -1 -1 -1 -1
-1 -1 -1 -1 -1 -1 -1 -1 -1 13 -1 -1 -1 9 -1 -1 -1 -1
-1 -1 -1 -1 -1 -1 12 -1 -1 -1 -1 -1 6 -1 -1 -1 -1 -1
-1 -1 -1 -1 12 -1 -1 -1 -1 -1 -1 -1 4 -1 -1 -1 -1 -1
-1 -1 -1 -1 -1 -1 -1 10 -1 -1 7 -1 -1 -1 -1 -1 -1 -1
-1 -1 -1 -1 -1 -1 -1 -1 17 -1 -1 -1 -1 -1 -1 -1 -1 8
-1 -1 -1 -1 8 -1 -1 -1 4 -1 -1 -1 -1 -1 -1 -1 -1 -1
-1 -1 -1 -1 -1 15 -1 -1 -1 -1 -1 -1 -1 -1 -1 5 -1 -1
-1 -1 -1 -1 5 4 -1 -1 -1 -1 -1 -1 -1 -1 -1 -1 -1 -1
-1 -1 -1 -1 -1 7 -1 5 -1 -1 -1 -1 -1 -1 -1 -1 -1 -1
-1 16 -1 -1 -1 -1 -1 -1 -1 -1 -1 -1 -1 -1 -1 -1 1 -1
-1 -1 -1 -1 -1 -1 14 -1 -1 -1 -1 -1 -1 -1 6 -1 -1 -1
-1 -1 -1 -1 -1 -1 -1 -1 -1 16 -1 -1 -1 -1 -1 -1 9 -1
-1 -1 -1 -1 -1 -1 -1 -1 -1 11 -1 9 -1 -1 -1 -1 -1 -1
-1 -1 -1 -1 -1 -1 -1 -1 -1 -1 -1 12 11 -1 -1 -1 -1 -1
14 -1 -1 -1 -1 -1 -1 -1 -1 -1 -1 -1 -1 -1 0 -1 -1 -1
-1 -1 -1 -1 -1 -1 -1 -1 -1 -1 15 -1 -1 -1 -1 10 -1 -1
-1 -1 -1 -1 -1 -1 -1 -1 -1 -1 -1 13 -1 11 -1 -1 -1 -1
-1 -1 6 -1 -1 -1 2 -1 -1 -1 -1 -1 -1 -1 -1 -1 -1 -1
-1 -1 -1 13 -1 -1 -1 -1 -1 -1 -1 -1 -1 3 -1 -1 -1 -1
-1 -1 -1 -1 -1 -1 8 -1 6 -1 -1 -1 -1 -1 -1 -1 -1 -1
2 -1 0 -1 -1 -1 -1 -1 -1 -1 -1 -1 -1 -1 -1 -1 -1 -1
-1 -1 -1 -1 -1 7 -1 5 -1 -1 -1 -1 -1 -1 -1 -1 -1 -1
-1 -1 -1 -1 -1 -1 -1 -1 -1 -1 11 10 -1 -1 -1 -1 -1 -1
-1 -1 -1 -1 12 -1 -1 -1 -1 -1 -1 -1 4 -1 -1 -1 -1 -1
-1 -1 -1 -1 -1 -1 -1 -1 -1 -1 -1 -1 -1 -1 -1 -1 -1 -1
-1 -1 -1 -1 -1 -1 -1 -1 -1 -1 -1 -1 -1 -1 -1 -1 -1 -1
-1 -1 -1 -1 -1 -1 -1 -1 -1 -1 -1 -1 -1 -1 -1 -1 -1 -1
-1 -1 -1 -1 -1 -1 -1 -1 -1 -1 -1 -1 -1 -1 -1 -1 -1 -1
-1 -1 -1 -1 -1 -1 -1 -1 -1 -1 -1 -1 -1 -1 -1 -1 -1 -1
-1 -1 -1 -1 -1 -1 -1 -1 -1 -1 -1 -1 -1 -1 -1 -1 -1 -1
-1 -1 -1 -1 -1 -1 -1 -1 -1 -1 -1 -1 -1 -1 -1 -1 -1 -1
0 0 5 0 0
0 0 6 0 0
0 0 7 0 0
0 0 8 0 0
0 0 9 0 0
1 0 17 1 0
1 0 18 1 0
0 0 2 0 0
1 0 19 1 0
2 0 20 2 0
2 0 21 2 0
0 0 3 0 0
2 0 22 2 0
0 0 0 0 0
2 0 23 2 0
2 0 24 2 0
1 0 10 1 0
1 0 11 1 0
2 0 25 2 0
2 0 26 2 0
2 0 27 2 0
2 0 28 2 0
2 0 29 2 0
3 0 30 3 0
1 0 12 1 0
3 0 31 3 0
1 0 13 1 0
3 0 32 3 0
1 0 14 1 0
0 0 4 0 0
3 0 33 3 0
3 0 34 3 0
1 0 15 1 0
1 0 16 1 0
3 0 35 3 0
3 0 36 3 0
0 0 1 0 0
3 0 37 3 0
3 0 38 3 0
3 0 39 3 0
4 0 40 4 0
4 0 41 4 0
4 0 42 4 0
-1 -1 -1 -1 -1 -1 11 8 7 -1 -1 6 -1 -1 -1 16 15 -1
12 7 -1 -1 -1 -1 -1 1 -1 -1 -1 -1 0 -1 -1 16 15 -1
-1 17 -1 -1 -1 16 7 6 -1 -1 -1 -1 -1 -1 -1 -1 5 1
-1 -1 -1 12 -1 9 -1 -1 -1 5 -1 -1 3 15 -1 13 -1 -1
5 -1 -1 -1 -1 0 12 -1 -1 -1 -1 -1 6 -1 -1 -1 -1 -1
-1 -1 13 -1 -1 15 -1 -1 12 -1 -1 -1 8 2 -1 5 -1 -1
-1 -1 -1 -1 10 9 -1 8 7 5 4 -1 -1 -1 -1 -1 -1 -1
10 -1 -1 13 -1 -1 12 -1 -1 -1 0 -1 6 3 -1 -1 -1 -1
3 -1 -1 0 -1 -1 -1 -1 -1 -1 -1 -1 14 -1 12 -1 -1 -1
16 -1 -1 17 -1 -1 -1 -1 -1 -1 -1 -1 -1 -1 -1 -1 0 3
15 -1 -1 -1 -1 6 5 -1 -1 -1 -1 -1 -1 -1 -1 0 -1 -1
-1 -1 -1 -1 -1 16 -1 -1 15 -1 -1 -1 -1 -1 -1 8 5 -1
1 0 -1 -1 -1 -1 -1 -1 -1 -1 -1 15 -1 -1 -1 11 -1 -1
-1 -1 -1 -1 5 4 -1 -1 -1 12 -1 -1 9 -1 -1 -1 -1 -1
-1 -1 4 -1 2 -1 -1 13 -1 -1 -1 -1 -1 7 -1 -1 -1 -1
-1 -1 -1 -1 -1 -1 -1 15 12 -1 -1 -1 8 -1 -1 7 -1 -1
-1 -1 -1 -1 -1 -1 -1 8 7 -1 -1 -1 -1 17 -1 -1 -1 13
-1 -1 7 -1 -1 -1 -1 2 -1 -1 -1 -1 14 -1 12 -1 -1 -1
-1 -1 -1 -1 -1 -1 16 14 -1 -1 -1 -1 -1 -1 7 -1 6 -1
-1 9 -1 16 -1 -1 -1 -1 -1 1 -1 -1 -1 -1 -1 -1 3 -1
-1 -1 -1 4 3 -1 -1 -1 -1 -1 -1 -1 -1 16 -1 -1 13 -1
-1 -1 -1 9 -1 -1 -1 -1 -1 3 -1 -1 -1 16 -1 -1 13 -1
14 -1 -1 -1 -1 -1 -1 -1 -1 -1 -1 -1 17 -1 0 -1 -1 12
-1 6 -1 -1 -1 14 1 -1 -1 -1 -1 -1 -1 -1 5 -1 -1 -1
-1 -1 -1 17 -1 -1 -1 -1 -1 -1 -1 -1 -1 -1 16 -1 14 3
10 -1 -1 -1 -1 -1 -1 -1 -1 -1 0 -1 -1 -1 -1 17 -1 15
-1 -1 4 -1 2 -1 9 -1 -1 6 -1 -1 -1 -1 -1 -1 -1 -1
-1 -1 -1 16 -1 -1 9 -1 -1 6 -1 -1 -1 -1 -1 -1 3 -1
1 0 -1 -1 -1 -1 7 6 -1 -1 -1 -1 -1 -1 -1 -1 -1 -1
-1 -1 -1 -1 7 -1 -1 4 -1 -1 -1 -1 -1 -1 -1 16 15 -1
-1 3 -1 1 -1 -1 -1 -1 -1 11 -1 9 -1 -1 -1 -1 -1 -1
2 -1 0 -1 -1 -1 15 -1 -1 -1 -1 -1 -1 -1 -1 6 -1 -1
-1 -1 -1 -1 -1 7 -1 5 -1 -1 -1 16 -1 -1 -1 -1 11 -1
-1 -1 -1 -1 -1 7 -1 5 -1 -1 -1 16 -1 -1 -1 -1 11 -1
-1 -1 -1 -1 12 8 -1 -1 5 -1 -1 -1 4 -1 -1 -1 -1 -1
-1 -1 -1 -1 -1 -1 -1 -1 11 -1 16 8 -1 -1 -1 -1 10 -1
-1 -1 -1 4 3 -1 -1 -1 11 -1 -1 8 -1 -1 -1 -1 -1 -1
-1 -1 10 -1 -1 -1 14 -1 -1 -1 2 -1 -1 -1 6 -1 -1 -1
10 -1 -1 -1 -1 13 -1 -1 -1 -1 0 -1 -1 5 -1 -1 -1 -1
6 -1 -1 -1 -1 -1 0 -1 14 -1 -1 -1 -1 -1 8 -1 -1 -1
-1 -1 -1 11 8 -1 -1 -1 4 -1 -1 3 -1 -1 -1 -1 -1 -1
-1 -1 -1 -1 -1 -1 -1 -1 -1 11 -1 9 -1 14 13 -1 -1 -1
5 -1 -1 -1 -1 0 -1 -1 -1 -1 -1 -1 16 -1 -1 -1 12 -1
-1 -1 -1 -1 -1 -1 -1 -1 12 -1 -1 -1 8 16 -1 -1 13 -1
-1 15 13 -1 -1 -1 -1 -1 -1 -1 -1 -1 -1 2 -1 1 -1 -1
-1 17 3 2 -1 -1 -1 -1 -1 -1 -1 -1 -1 -1 -1 -1 -1 1
-1 -1 17 -1 -1 -1 -1 -1 14 -1 -1 -1 -1 -1 8 -1 -1 2
-1 17 -1 -1 -1 -1 -1 -1 -1 -1 15 -1 -1 -1 -1 10 -1 1
-1 13 -1 -1 -1 -1 -1 -1 16 -1 -1 -1 -1 1 -1 -1 8 -1
-1 -1 -1 -1 -1 -1 13 -1 -1 -1 -1 -1 -1 6 15 14 -1 -1
0 0 4 0 0
0 0 1 0 0
0 0 2 0 0
0 0 6 0 0
1 0 17 1 0
0 0 7 0 0
0 0 3 0 0
0 0 4 0 0
0 0 5 0 0
1 0 18 1 0
1 0 19 1 0
2 0 23 2 0
2 0 24 2 0
2 0 25 2 0
0 0 8 0 0
0 0 9 0 0
0 0 6 0 0
0 0 7 0 0
1 0 11 1 0
1 0 12 1 0
0 0 0 0 0
1 0 14 1 0
2 0 26 2 0
1 0 15 1 0
2 0 27 2 0
1 0 10 1 0
2 0 28 2 0
2 0 29 2 0
1 0 11 1 0
1 0 16 1 0
3 0 30 3 0
1 0 17 1 0
1 0 12 1 0
1 0 18 1 0
1 0 19 1 0
1 0 13 1 0
2 0 20 2 0
2 0 21 2 0
3 0 31 3 0
1 0 13 1 0
0 0 8 0 0
2 0 22 2 0
2 0 20 2 0
3 0 32 3 0
3 0 33 3 0
3 0 34 3 0
3 0 35 3 0
2 0 23 2 0
3 0 36 3 0
2 0 24 2 0
2 0 25 2 0
1 0 14 1 0
3 0 37 3 0
3 0 38 3 0
2 0 27 2 0
1 0 15 1 0
3 0 39 3 0
2 0 28 2 0
2 0 29 2 0
3 0 30 3 0
4 0 43 4 0
4 0 44 4 0
4 0 45 4 0
2 0 26 2 0
3 0 31 3 0
4 0 46 4 0
4 0 47 4 0
0 0 1 0 0
3 0 32 3 0
2 0 21 2 0
3 0 33 3 0
4 0 48 4 0
3 0 35 3 0
3 0 36 3 0
3 0 37 3 0
1 0 16 1 0
3 0 38 3 0
4 0 49 4 0
4 0 40 4 0
3 0 39 3 0
4 0 41 4 0
4 0 43 4 0
4 0 42 4 0
3 0 34 3 0
0 0 9 0 0
0 0 2 0 0
0 0 3 0 0
4 0 44 4 0
4 0 46 4 0
4 0 47 4 0
1 0 10 1 0
4 0 48 4 0
4 0 49 4 0
4 0 40 4 0
0 0 5 0 0
4 0 41 4 0
4 0 42 4 0
4 0 45 4 0
0 0 0 0 0
0 0 2 0 0
0 0 3 0 0
0 0 5 0 0
0 0 6 0 0
0 0 7 0 0
0 0 1 0 0
2 0 22 2 0
0 0 0 0 0
13 -1 16 12 9 -1 8 10 6 4 7 -1 3 0 -1 17 2 15
17 10 16 9 12 -1 13 -1 15 3 1 -1 4 6 -1 8 2 0
16 7 11 5 -1 3 9 1 -1 6 12 2 10 -1 -1 -1 0 -1
2 9 0 10 16 -1 8 14 6 1 3 -1 15 -1 7 12 4 -1
13 7 12 -1 -1 -1 -1 1 17 11 15 9 2 0 16 10 14 8
-1 14 16 8 -1 7 -1 5 3 15 12 13 10 11 1 9 2 -1
-1 11 12 7 -1 13 -1 3 -1 -1 14 1 2 5 10 16 15 -1
-1 6 3 2 -1 -1 1 17 -1 15 11 10 13 12 16 9 14 7
15 13 -1 11 7 10 -1 4 9 8 5 3 16 1 -1 0 12 -1
5 15 3 2 12 0 14 10 16 11 7 9 4 -1 6 1 8 -1
-1 13 16 17 -1 9 -1 11 -1 5 14 7 15 1 10 12 2 3
5 -1 -1 -1 10 0 13 16 9 8 4 14 15 6 11 12 7 -1
-1 -1 4 17 2 12 -1 11 10 15 8 7 5 -1 16 9 14 3
9 7 -1 12 15 17 -1 1 -1 0 14 16 3 -1 10 4 11 5
12 11 7 14 -1 -1 -1 2 -1 10 9 1 0 16 3 17 13 15
-1 11 4 -1 2 -1 14 13 -1 12 15 1 9 7 6 10 17 16
2 -1 0 11 12 -1 13 16 15 -1 17 3 4 6 -1 8 7 10
-1 6 13 4 3 7 1 5 -1 12 16 -1 9 2 -1 17 10 15
14 16 3 2 7 9 -1 4 -1 5 12 -1 10 17 0 -1 1 13
12 17 7 13 16 -1 -1 2 -1 -1 11 10 0 3 -1 -1 4 1
4 -1 11 13 0 9 -1 12 -1 5 -1 2 7 3 15 14 17 16
9 10 6 -1 13 8 2 16 5 0 1 -1 17 4 -1 -1 7 12
-1 10 11 16 12 -1 7 6 -1 13 1 2 4 9 -1 17 3 15
-1 17 -1 8 -1 16 -1 10 3 13 7 -1 14 9 12 -1 5 1
-1 4 -1 14 1 13 -1 16 10 -1 8 -1 -1 5 3 17 7 15
-1 7 -1 9 -1 -1 -1 1 -1 3 15 16 14 17 12 10 11 13
17 14 9 12 11 -1 -1 8 7 2 -1 4 3 16 1 -1 13 0
-1 -1 7 -1 17 10 11 2 16 15 5 6 -1 14 13 9 8 4
1 0 7 6 -1 -1 3 2 16 12 15 -1 9 -1 -1 10 8 -1
7 5 14 -1 -1 1 -1 0 -1 10 9 13 15 11 2 12 -1 -1
15 14 17 7 -1 6 5 3 -1 -1 12 16 10 -1 1 0 11 2
-1 16 11 -1 9 13 -1 12 -1 4 15 2 7 5 -1 10 1 -1
-1 15 13 -1 12 -1 14 8 7 10 9 -1 4 2 6 1 17 16
-1 12 8 9 11 -1 17 15 2 3 -1 4 1 -1 -1 7 -1 6
-1 11 17 6 8 15 3 -1 4 16 12 1 10 -1 -1 5 9 2
-1 12 16 -1 13 9 10 15 17 5 6 -1 1 4 -1 7 2 8
1 0 4 7 2 9 12 3 -1 5 -1 -1 6 -1 -1 16 15 -1
-1 15 12 -1 6 14 4 13 -1 -1 -1 16 2 7 5 1 11 -1
6 -1 15 -1 13 17 0 14 16 -1 12 -1 10 4 7 2 8 5
17 9 16 -1 -1 13 7 6 -1 1 12 -1 10 5 -1 -1 2 0
12 2 1 -1 -1 6 5 -1 10 16 8 -1 0 -1 -1 17 9 15
9 6 3 2 -1 16 1 10 -1 0 7 -1 15 -1 -1 12 5 -1
16 3 15 1 -1 -1 12 -1 17 -1 13 -1 6 10 -1 2 0 8
2 14 0 -1 -1 -1 12 9 -1 7 13 -1 6 10 1 16 15 -1
9 -1 10 7 -1 -1 11 3 -1 0 2 6 14 16 12 -1 13 -1
8 17 10 12 13 -1 -1 -1 0 15 2 16 3 4 -1 9 11 1
1 0 7 -1 12 -1 11 2 15 -1 17 6 4 -1 16 8 14 10
10 4 5 11 1 2 -1 -1 14 -1 0 3 -1 -1 8 16 15 -1
3 15 7 0 -1 13 -1 2 14 -1 12 -1 10 5 8 1 -1 -1
-1 -1 5 15 10 2 16 -1 17 12 4 -1 9 -1 -1 3 6 8
1 0 13 1 0
4 0 47 4 0
1 0 16 1 0
4 0 48 4 0
0 0 3 0 0
1 0 19 1 0
3 0 36 3 0
4 0 49 4 0
2 0 22 2 0
2 0 20 2 0
4 0 48 4 0
4 0 46 4 0
0 0 4 0 0
3 0 37 3 0
0 0 1 0 0
3 0 37 3 0
4 0 40 4 0
0 0 7 0 0
3 0 35 3 0
4 0 41 4 0
0 0 0 0 0
3 0 38 3 0
3 0 31 3 0
3 0 39 3 0
0 0 9 0 0
3 0 36 3 0
1 0 10 1 0
3 0 38 3 0
4 0 42 4 0
3 0 35 3 0
0 0 4 0 0
4 0 40 4 0
0 0 5 0 0
3 0 39 3 0
3 0 32 3 0
4 0 42 4 0
4 0 42 4 0
0 0 9 0 0
0 0 7 0 0
0 0 8 0 0
0 0 3 0 0
2 0 21 2 0
0 0 2 0 0
0 0 6 0 0
2 0 23 2 0
4 0 47 4 0
1 0 11 1 0
1 0 17 1 0
1 0 12 1 0
1 0 11 1 0
0 0 9 0 0
4 0 42 4 0
0 0 3 0 0
1 0 15 1 0
0 0 3 0 0
4 0 49 4 0
2 0 24 2 0
0 0 5 0 0
4 0 44 4 0
4 0 40 4 0
0 0 4 0 0
0 0 9 0 0
0 0 9 0 0
0 0 1 0 0
3 0 34 3 0
0 0 1 0 0
1 0 13 1 0
0 0 1 0 0
0 0 7 0 0
3 0 30 3 0
1 0 14 1 0
2 0 23 2 0
1 0 12 1 0
1 0 11 1 0
1 0 18 1 0
1 0 13 1 0
0 0 4 0 0
2 0 20 2 0
1 0 15 1 0
1 0 18 1 0
2 0 24 2 0
0 0 0 0 0
2 0 27 2 0
2 0 25 2 0
0 0 0 0 0
4 0 43 4 0
1 0 10 1 0
2 0 29 2 0
0 0 8 0 0
3 0 30 3 0
0 0 5 0 0
0 0 0 0 0
0 0 6 0 0
1 0 14 1 0
3 0 34 3 0
3 0 31 3 0
1 0 19 1 0
2 0 26 2 0
2 0 28 2 0
2 0 21 2 0
4 0 45 4 0
1 0 12 1 0
4 0 45 4 0
0 0 3 0 0
1 0 13 1 0
1 0 17 1 0
3 0 33 3 0
0 0 8 0 0
3 0 35 3 0
1 0 16 1 0
0 0 8 0 0
3 0 38 3 0
0 0 7 0 0
3 0 32 3 0
0 0 5 0 0
3 0 34 3 0
1 0 14 1 0
2 0 25 2 0
2 0 21 2 0
0 0 6 0 0
0 0 4 0 0
4 0 41 4 0
3 0 30 3 0
0 0 9 0 0
1 0 15 1 0
3 0 36 3 0
3 0 37 3 0
4 0 46 4 0
1 0 16 1 0
1 0 11 1 0
2 0 20 2 0
3 0 33 3 0
1 0 19 1 0
3 0 31 3 0
3 0 38 3 0
3 0 33 3 0
4 0 40 4 0
2 0 26 2 0
2 0 24 2 0
2 0 21 2 0
0 0 2 0 0
4 0 45 4 0
4 0 46 4 0
2 0 27 2 0
1 0 16 1 0
0 0 2 0 0
4 0 47 4 0
4 0 44 4 0
0 0 6 0 0
2 0 22 2 0
1 0 11 1 0
4 0 43 4 0
1 0 18 1 0
1 0 12 1 0
2 0 26 2 0
2 0 24 2 0
1 0 19 1 0
0 0 2 0 0
3 0 31 3 0
1 0 17 1 0
4 0 48 4 0
2 0 27 2 0
2 0 22 2 0
4 0 41 4 0
2 0 28 2 0
3 0 34 3 0
0 0 3 0 0
1 0 10 1 0
2 0 25 2 0
3 0 32 3 0
4 0 44 4 0
0 0 5 0 0
3 0 32 3 0
1 0 11 1 0
3 0 39 3 0
4 0 41 4 0
1 0 13 1 0
3 0 31 3 0
2 0 25 2 0
2 0 21 2 0
2 0 23 2 0
3 0 38 3 0
1 0 13 1 0
1 0 12 1 0
3 0 39 3 0
1 0 14 1 0
3 0 35 3 0
3 0 37 3 0
4 0 44 4 0
0 0 5 0 0
2 0 20 2 0
2 0 27 2 0
2 0 27 2 0
1 0 18 1 0
3 0 32 3 0
2 0 26 2 0
0 0 4 0 0
0 0 1 0 0
1 0 14 1 0
2 0 29 2 0
4 0 49 4 0
2 0 29 2 0
0 0 4 0 0
3 0 30 3 0
1 0 15 1 0
1 0 18 1 0
1 0 15 1 0
3 0 32 3 0
4 0 43 4 0
1 0 15 1 0
2 0 28 2 0
3 0 39 3 0
1 0 10 1 0
4 0 42 4 0
0 0 1 0 0
2 0 22 2 0
1 0 17 1 0
1 0 13 1 0
2 0 28 2 0
2 0 26 2 0
3 0 32 3 0
3 0 33 3 0
2 0 24 2 0
0 0 6 0 0
3 0 30 3 0
0 0 0 0 0
3 0 30 3 0
0 0 0 0 0
0 0 6 0 0
0 0 7 0 0
3 0 36 3 0
2 0 22 2 0
1 0 16 1 0
4 0 45 4 0
3 0 34 3 0
4 0 46 4 0
1 0 18 1 0
1 0 17 1 0
2 0 20 2 0
1 0 15 1 0
4 0 43 4 0
0 0 3 0 0
1 0 10 1 0
4 0 44 4 0
2 0 25 2 0
1 0 19 1 0
0 0 8 0 0
4 0 45 4 0
3 0 35 3 0
2 0 26 2 0
2 0 25 2 0
2 0 24 2 0
3 0 36 3 0
3 0 34 3 0
4 0 47 4 0
2 0 20 2 0
1 0 14 1 0
4 0 41 4 0
2 0 23 2 0
3 0 33 3 0
0 0 8 0 0
2 0 26 2 0
2 0 29 2 0
4 0 48 4 0
3 0 37 3 0
3 0 31 3 0
2 0 21 2 0
4 0 47 4 0
0 0 7 0 0
4 0 49 4 0
2 0 23 2 0
0 0 9 0 0
2 0 27 2 0
1 0 18 1 0
4 0 40 4 0
3 0 38 3 0
0 0 2 0 0
4 0 41 4 0
4 0 46 4 0
2 0 21 2 0
0 0 5 0 0
4 0 49 4 0
3 0 36 3 0
4 0 42 4 0
4 0 49 4 0
0 0 9 0 0
1 0 14 1 0
2 0 28 2 0
3 0 37 3 0
2 0 20 2 0
2 0 28 2 0
1 0 16 1 0
2 0 29 2 0
1 0 17 1 0
4 0 48 4 0
2 0 23 2 0
3 0 38 3 0
1 0 16 1 0
1 0 12 1 0
2 0 27 2 0
4 0 43 4 0
4 0 46 4 0
4 0 45 4 0
0 0 7 0 0
1 0 12 1 0
1 0 19 1 0
4 0 47 4 0
0 0 8 0 0
0 0 1 0 0
3 0 35 3 0
1 0 10 1 0
1 0 11 1 0
4 0 43 4 0
1 0 10 1 0
2 0 22 2 0
4 0 48 4 0
0 0 2 0 0
1 0 17 1 0
3 0 35 3 0
3 0 39 3 0
2 0 29 2 0
3 0 34 3 0
4 0 44 4 0
4 0 45 4 0
0 0 0 0 0
3 0 30 3 0
2 0 22 2 0
4 0 46 4 0
3 0 33 3 0
4 0 40 4 0
13 -1 -1 -1 14 8 -1 15 5 17 -1 -1 -1 0 4 7 -1 9
-1 2 1 14 -1 -1 11 10 -1 -1 7 6 -1 17 3 -1 -1 13
-1 7 14 -1 5 4 -1 1 10 -1 8 -1 17 -1 2 -1 -1 12
8 13 -1 12 -1 16 -1 -1 0 -1 11 10 3 1 -1 -1 5 -1
2 13 0 -1 15 -1 11 16 -1 -1 -1 6 -1 1 -1 4 7 -1
-1 8 16 -1 17 -1 14 -1 1 -1 -1 -1 13 12 6 -1 2 4
13 -1 -1 12 -1 10 16 -1 17 -1 5 -1 3 0 -1 -1 6 8
-1 16 -1 13 14 -1 -1 15 17 -1 -1 -1 -1 3 4 7 1 8
7 -1 -1 9 -1 16 13 0 -1 3 -1 -1 14 6 12 -1 5 -1
-1 5 -1 12 17 1 -1 10 13 -1 7 -1 3 8 -1 -1 -1 4
17 -1 -1 -1 -1 16 13 14 -1 -1 -1 12 11 6 7 -1 5 0
2 -1 0 -1 -1 16 -1 -1 -1 -1 15 17 -1 14 13 10 5 11
-1 -1 -1 17 14 12 16 -1 15 -1 -1 -1 5 -1 4 8 6 3
3 -1 -1 0 5 4 8 -1 6 -1 14 -1 -1 -1 10 16 15 -1
-1 6 -1 -1 15 14 1 -1 10 17 8 -1 -1 -1 5 4 -1 9
7 -1 16 -1 -1 14 -1 0 17 12 -1 -1 9 -1 5 -1 2 8
15 -1 7 -1 -1 17 12 2 -1 -1 -1 14 6 -1 11 0 -1 5
-1 6 -1 9 -1 8 1 -1 5 3 -1 -1 -1 15 -1 13 17 16
-1 -1 17 -1 11 16 8 14 6 -1 -1 4 -1 -1 7 -1 5 2
11 -1 12 14 -1 -1 8 -1 6 -1 -1 0 2 17 3 -1 -1 13
17 2 1 8 -1 -1 13 -1 3 -1 -1 15 -1 6 -1 11 -1 0
-1 17 -1 7 6 -1 4 3 14 15 -1 -1 -1 -1 8 9 -1 1
-1 6 11 10 8 14 1 -1 4 -1 3 2 -1 -1 5 -1 -1 -1
-1 7 11 -1 10 -1 -1 1 -1 15 4 2 -1 -1 -1 9 17 16
-1 3 17 1 -1 -1 9 12 -1 6 -1 16 7 -1 -1 -1 11 2
11 -1 -1 12 -1 16 15 -1 -1 -1 -1 0 3 14 13 6 5 -1
-1 7 15 -1 -1 -1 17 1 16 -1 -1 -1 14 -1 12 2 8 6
15 -1 -1 16 6 10 4 -1 9 8 5 -1 -1 -1 -1 0 3 -1
-1 -1 12 -1 6 17 4 -1 15 16 -1 -1 2 -1 -1 8 9 5
-1 4 -1 6 1 -1 3 12 14 17 -1 -1 7 -1 8 -1 -1 9
12 8 -1 4 3 -1 -1 -1 1 -1 16 -1 0 -1 15 14 10 -1
-1 -1 13 8 17 -1 -1 16 3 -1 -1 12 11 2 -1 -1 7 4
4 -1 10 -1 0 12 -1 -1 16 13 2 -1 5 9 -1 -1 8 -1
-1 13 9 -1 16 -1 7 6 -1 2 -1 15 -1 1 -1 11 4 -1
-1 5 -1 -1 -1 1 13 11 -1 15 17 7 -1 6 -1 9 -1 10
-1 -1 13 17 14 9 -1 -1 -1 5 16 -1 -1 2 4 -1 10 3
-1 14 11 -1 7 15 -1 4 -1 17 -1 2 -1 -1 1 5 -1 9
-1 14 -1 16 -1 -1 12 -1 -1 13 -1 -1 6 9 1 -1 3 -1
-1 -1 12 14 15 -1 9 -1 11 6 -1 8 2 -1 3 4 -1 -1
2 16 0 13 9 14 -1 -1 -1 4 -1 -1 -1 3 5 -1 1 -1
-1 -1 -1 -1 -1 13 8 10 6 -1 7 -1 -1 5 17 -1 -1 14
-1 -1 -1 6 -1 14 3 -1 10 12 8 -1 9 -1 5 -1 -1 -1
5 -1 -1 -1 -1 0 -1 12 -1 14 -1 17 7 -1 9 -1 -1 11
7 10 -1 -1 -1 -1 -1 0 11 -1 1 8 -1 14 13 -1 -1 -1
7 14 -1 -1 -1 -1 -1 0 -1 -1 17 -1 15 -1 1 12 -1 10
7 -1 15 -1 12 -1 -1 0 -1 13 16 -1 4 9 -1 2 10 -1
16 12 -1 15 -1 -1 -1 -1 14 -1 -1 -1 1 -1 8 3 0 -1
-1 13 -1 -1 -1 -1 17 -1 -1 -1 16 14 -1 1 11 -1 10 6
17 13 -1 -1 -1 -1 -1 -1 14 -1 12 -1 10 1 8 -1 -1 0
8 3 -1 1 16 -1 9 -1 0 6 -1 -1 -1 -1 -1 -1 4 -1
2 0 23 2 0
1 0 12 1 0
4 0 42 4 0
2 0 25 2 0
1 0 19 1 0
2 0 22 2 0
3 0 36 3 0
1 0 10 1 0
1 0 11 1 0
3 0 34 3 0
2 0 24 2 0
4 0 41 4 0
1 0 15 1 0
4 0 45 4 0
2 0 23 2 0
3 0 35 3 0
4 0 41 4 0
0 0 6 0 0
2 0 21 2 0
3 0 39 3 0
2 0 24 2 0
3 0 36 3 0
2 0 29 2 0
4 0 42 4 0
4 0 43 4 0
3 0 37 3 0
4 0 40 4 0
3 0 38 3 0
3 0 30 3 0
4 0 43 4 0
4 0 45 4 0
1 0 12 1 0
0 0 2 0 0
3 0 39 3 0
0 0 3 0 0
3 0 30 3 0
1 0 16 1 0
0 0 7 0 0
3 0 31 3 0
0 0 5 0 0
3 0 31 3 0
0 0 6 0 0
0 0 9 0 0
2 0 20 2 0
0 0 3 0 0
0 0 4 0 0
3 0 37 3 0
0 0 4 0 0
4 0 46 4 0
4 0 44 4 0
0 0 5 0 0
4 0 45 4 0
4 0 46 4 0
3 0 32 3 0
3 0 33 3 0
3 0 32 3 0
4 0 44 4 0
0 0 8 0 0
0 0 7 0 0
4 0 40 4 0
0 0 1 0 0
0 0 6 0 0
1 0 17 1 0
3 0 33 3 0
3 0 34 3 0
0 0 9 0 0
4 0 47 4 0
3 0 34 3 0
4 0 42 4 0
1 0 19 1 0
2 0 21 2 0
0 0 8 0 0
2 0 25 2 0
1 0 11 1 0
1 0 19 1 0
4 0 46 4 0
1 0 10 1 0
1 0 18 1 0
0 0 8 0 0
4 0 49 4 0
0 0 9 0 0
4 0 41 4 0
0 0 0 0 0
4 0 47 4 0
4 0 48 4 0
4 0 43 4 0
4 0 49 4 0
0 0 1 0 0
4 0 48 4 0
4 0 44 4 0
0 0 9 0 0
4 0 40 4 0
1 0 10 1 0
1 0 10 1 0
0 0 8 0 0
0 0 2 0 0
4 0 41 4 0
1 0 15 1 0
4 0 45 4 0
1 0 12 1 0
3 0 35 3 0
1 0 13 1 0
1 0 11 1 0
1 0 17 1 0
2 0 25 2 0
0 0 3 0 0
1 0 16 1 0
2 0 26 2 0
0 0 5 0 0
0 0 4 0 0
0 0 6 0 0
1 0 11 1 0
2 0 27 2 0
4 0 42 4 0
1 0 14 1 0
2 0 27 2 0
0 0 0 0 0
1 0 19 1 0
0 0 7 0 0
2 0 28 2 0
1 0 12 1 0
0 0 1 0 0
1 0 14 1 0
1 0 13 1 0
0 0 0 0 0
4 0 43 4 0
2 0 20 2 0
3 0 35 3 0
1 0 10 1 0
4 0 44 4 0
2 0 22 2 0
2 0 23 2 0
2 0 28 2 0
1 0 15 1 0
2 0 25 2 0
1 0 19 1 0
1 0 17 1 0
0 0 0 0 0
2 0 21 2 0
2 0 20 2 0
2 0 27 2 0
0 0 2 0 0
2 0 24 2 0
2 0 22 2 0
0 0 3 0 0
1 0 11 1 0
1 0 13 1 0
2 0 23 2 0
2 0 21 2 0
1 0 12 1 0
0 0 4 0 0
0 0 6 0 0
0 0 7 0 0
2 0 28 2 0
1 0 13 1 0
2 0 26 2 0
1 0 16 1 0
2 0 29 2 0
3 0 38 3 0
0 0 0 0 0
3 0 38 3 0
3 0 39 3 0
0 0 9 0 0
2 0 24 2 0
3 0 36 3 0
1 0 14 1 0
1 0 13 1 0
3 0 36 3 0
2 0 29 2 0
0 0 1 0 0
1 0 18 1 0
3 0 30 3 0
3 0 30 3 0
2 0 22 2 0
0 0 3 0 0
1 0 14 1 0
3 0 31 3 0
2 0 26 2 0
0 0 1 0 0
2 0 24 2 0
0 0 5 0 0
4 0 47 4 0
1 0 15 1 0
0 0 5 0 0
3 0 36 3 0
1 0 16 1 0
1 0 17 1 0
1 0 14 1 0
2 0 26 2 0
2 0 23 2 0
3 0 31 3 0
2 0 27 2 0
1 0 15 1 0
2 0 25 2 0
2 0 27 2 0
3 0 37 3 0
1 0 17 1 0
3 0 31 3 0
1 0 18 1 0
1 0 16 1 0
3 0 33 3 0
1 0 18 1 0
3 0 38 3 0
3 0 32 3 0
1 0 18 1 0
2 0 28 2 0
2 0 26 2 0
3 0 30 3 0
0 0 2 0 0
3 0 35 3 0
4 0 48 4 0
3 0 34 3 0
3 0 37 3 0
3 0 33 3 0
3 0 32 3 0
0 0 8 0 0
2 0 28 2 0
0 0 7 0 0
3 0 34 3 0
3 0 32 3 0
2 0 29 2 0
3 0 35 3 0
2 0 29 2 0
4 0 49 4 0
3 0 33 3 0
4 0 46 4 0
2 0 20 2 0
2 0 20 2 0
4 0 48 4 0
4 0 47 4 0
0 0 4 0 0
0 0 2 0 0
3 0 38 3 0
2 0 21 2 0
4 0 45 4 0
3 0 39 3 0
4 0 49 4 0
2 0 22 2 0
4 0 40 4 0
3 0 39 3 0
3 13 13 0 16 15 -1 14 -1 -1 -1 -1 2 2 7 5 2 -1
14 -1 -1 15 9 6 5 16 -1 4 12 -1 10 17 0 3 7 13
14 5 -1 10 15 1 -1 13 -1 12 3 16 9 7 0 4 11 -1
9 16 13 10 -1 -1 14 15 12 0 3 -1 8 2 6 7 1 -1
13 17 15 5 -1 3 9 12 -1 6 16 -1 7 0 -1 2 10 1
1 0 9 5 12 3 15 -1 14 2 16 -1 4 -1 8 6 10 -1
11 -1 9 -1 17 16 -1 8 7 2 13 0 15 10 -1 12 5 4
4 6 15 9 0 16 1 13 -1 3 -1 -1 17 7 -1 2 5 12
-1 8 13 16 9 -1 -1 15 1 4 -1 12 11 2 -1 7 3 -1
15 9 12 11 6 -1 4 17 13 1 -1 3 2 8 16 0 14 7
16 7 -1 -1 17 9 8 1 6 5 13 -1 -1 10 15 14 0 4
-1 -1 6 -1 9 7 2 5 17 4 -1 13 -1 11 16 -1 14 8
9 11 8 -1 17 -1 14 13 2 0 -1 1 15 7 6 12 -1 4
9 -1 3 2 13 7 14 5 11 0 -1 8 -1 4 6 -1 -1 -1
16 5 7 14 10 1 -1 2 13 -1 4 15 -1 8 3 11 0 -1
12 5 4 16 2 1 9 14 15 6 -1 -1 0 -1 7 8 3 -1
5 9 3 2 15 0 7 6 -1 1 12 -1 10 16 -1 4 13 -1
-1 -1 13 15 7 9 11 4 -1 5 16 6 14 2 12 3 10 -1
15 3 10 1 -1 13 -1 14 -1 16 2 -1 -1 5 7 0 9 -1
-1 -1 13 14 11 12 8 10 6 16 7 4 5 2 3 -1 9 -1
8 -1 17 13 12 7 -1 5 0 -1 15 -1 4 3 -1 10 -1 2
6 -1 12 17 -1 8 0 14 5 15 -1 16 2 -1 7 9 11 3
-1 17 10 8 -1 12 16 -1 3 13 2 -1 5 9 -1 -1 6 1
-1 13 15 14 -1 7 8 5 6 10 9 -1 -1 1 3 2 -1 -1
-1 16 13 10 9 14 -1 -1 -1 4 3 15 -1 2 5 11 1 -1
9 13 14 4 3 16 17 12 -1 0 -1 -1 7 1 2 -1 5 6
4 11 15 -1 0 7 -1 5 13 12 -1 1 9 8 -1 2 -1 -1
5 14 -1 -1 7 0 -1 4 10 15 8 -1 -1 16 1 9 13 -1
2 7 0 17 9 14 15 1 -1 4 -1 -1 -1 16 5 6 13 3
1 0 3 2 13 7 -1 5 10 -1 8 15 14 4 12 11 -1 -1
6 4 10 -1 1 12 0 -1 14 -1 2 17 5 15 8 13 -1 11
14 5 4 -1 2 1 -1 -1 12 17 -1 16 8 -1 0 -1 11 9
1 0 12 -1 14 16 -1 -1 -1 17 -1 13 2 11 4 -1 5 9
9 12 10 7 -1 8 -1 3 5 0 2 -1 1 14 13 -1 -1 -1
11 5 6 -1 15 1 2 16 -1 12 13 0 9 10 -1 4 7 -1
-1 13 5 7 -1 2 17 3 -1 16 -1 15 -1 1 -1 11 9 6
-1 -1 4 10 2 12 -1 11 -1 16 3 7 5 14 13 -1 9 -1
-1 -1 12 -1 -1 8 9 17 5 6 -1 16 2 15 -1 13 11 7
9 5 6 -1 -1 1 2 -1 16 0 15 14 -1 -1 11 10 8 -1
15 -1 9 10 -1 12 16 -1 -1 2 3 13 5 11 -1 0 6 -1
-1 6 16 5 -1 3 1 14 13 -1 -1 -1 17 8 7 -1 2 12
-1 15 12 6 5 4 3 -1 -1 -1 11 10 2 14 13 1 -1 -1
11 -1 5 17 -1 2 -1 -1 9 8 -1 0 15 16 -1 12 13 3
-1 -1 10 -1 5 4 11 -1 -1 13 2 6 14 9 12 17 -1 15
-1 12 14 13 -1 9 -1 16 -1 5 -1 -1 1 3 2 17 7 15
7 -1 -1 14 8 -1 9 0 4 6 16 13 -1 11 3 -1 10 -1
12 5 -1 11 7 1 13 4 16 -1 -1 3 0 6 -1 -1 8 -1
8 5 -1 -1 -1 1 -1 16 0 13 11 10 14 9 12 -1 7 -1
9 -1 3 2 13 -1 -1 11 -1 0 -1 7 17 4 -1 16 15 12
17 15 9 13 7 -1 10 4 -1 2 6 -1 -1 3 -1 1 -1 0
2 0 29 2 0
2 0 27 2 0
0 0 5 0 0
1 0 11 1 0
0 0 7 0 0
3 0 32 3 0
3 0 35 3 0
0 0 1 0 0
1 0 14 1 0
0 0 8 0 0
3 0 33 3 0
0 0 5 0 0
0 0 9 0 0
0 0 2 0 0
3 0 32 3 0
1 0 19 1 0
4 0 48 4 0
1 0 18 1 0
4 0 47 4 0
0 0 7 0 0
4 0 40 4 0
1 0 17 1 0
0 0 6 0 0
0 0 7 0 0
1 0 11 1 0
2 0 23 2 0
1 0 18 1 0
2 0 26 2 0
4 0 49 4 0
4 0 40 4 0
2 0 23 2 0
4 0 43 4 0
0 0 1 0 0
2 0 24 2 0
2 0 28 2 0
4 0 45 4 0
2 0 29 2 0
2 0 22 2 0
3 0 36 3 0
4 0 41 4 0
3 0 37 3 0
2 0 29 2 0
1 0 16 1 0
2 0 20 2 0
3 0 30 3 0
3 0 39 3 0
2 0 20 2 0
3 0 31 3 0
3 0 36 3 0
4 0 44 4 0
1 0 17 1 0
2 0 22 2 0
4 0 45 4 0
3 0 37 3 0
0 0 9 0 0
1 0 19 1 0
2 0 25 2 0
2 0 24 2 0
3 0 35 3 0
4 0 46 4 0
2 0 21 2 0
1 0 19 1 0
0 0 3 0 0
0 0 4 0 0
0 0 7 0 0
3 0 34 3 0
2 0 26 2 0
4 0 42 4 0
2 0 22 2 0
3 0 37 3 0
3 0 31 3 0
1 0 18 1 0
4 0 47 4 0
4 0 48 4 0
4 0 43 4 0
0 0 0 0 0
3 0 39 3 0
4 0 48 4 0
3 0 32 3 0
0 0 2 0 0
3 0 33 3 0
2 0 23 2 0
2 0 21 2 0
2 0 24 2 0
0 0 1 0 0
3 0 38 3 0
3 0 38 3 0
3 0 32 3 0
4 0 49 4 0
3 0 30 3 0
0 0 3 0 0
3 0 38 3 0
0 0 6 0 0
0 0 9 0 0
4 0 40 4 0
3 0 39 3 0
0 0 1 0 0
0 0 5 0 0
2 0 25 2 0
1 0 10 1 0
2 0 25 2 0
0 0 8 0 0
4 0 46 4 0
3 0 34 3 0
4 0 41 4 0
3 0 35 3 0
3 0 36 3 0
2 0 26 2 0
1 0 11 1 0
4 0 40 4 0
3 0 30 3 0
0 0 2 0 0
0 0 2 0 0
3 0 33 3 0
3 0 34 3 0
4 0 42 4 0
4 0 44 4 0
0 0 0 0 0
1 0 12 1 0
4 0 41 4 0
3 0 31 3 0
1 0 10 1 0
3 0 32 3 0
4 0 43 4 0
4 0 42 4 0
2 0 27 2 0
1 0 12 1 0
3 0 33 3 0
4 0 45 4 0
0 0 6 0 0
4 0 45 4 0
4 0 47 4 0
4 0 46 4 0
0 0 3 0 0
1 0 12 1 0
0 0 0 0 0
3 0 35 3 0
2 0 26 2 0
1 0 13 1 0
0 0 8 0 0
0 0 1 0 0
1 0 14 1 0
1 0 19 1 0
0 0 9 0 0
4 0 43 4 0
1 0 10 1 0
4 0 44 4 0
3 0 34 3 0
3 0 30 3 0
4 0 44 4 0
4 0 48 4 0
2 0 25 2 0
4 0 49 4 0
4 0 49 4 0
1 0 16 1 0
1 0 17 1 0
2 0 28 2 0
1 0 15 1 0
3 0 36 3 0
2 0 29 2 0
4 0 40 4 0
0 0 6 0 0
4 0 41 4 0
4 0 42 4 0
0 0 0 0 0
4 0 48 4 0
2 0 29 2 0
1 0 10 1 0
2 0 20 2 0
1 0 13 1 0
0 0 2 0 0
1 0 12 1 0
1 0 11 1 0
0 0 0 0 0
2 0 27 2 0
2 0 22 2 0
0 0 0 0 0
4 0 43 4 0
0 0 5 0 0
2 0 21 2 0
2 0 28 2 0
0 0 4 0 0
0 0 6 0 0
2 0 23 2 0
0 0 9 0 0
0 0 6 0 0
4 0 44 4 0
2 0 24 2 0
1 0 14 1 0
4 0 45 4 0
3 0 30 3 0
0 0 1 0 0
0 0 8 0 0
4 0 49 4 0
0 0 7 0 0
0 0 3 0 0
1 0 14 1 0
3 0 37 3 0
0 0 4 0 0
0 0 7 0 0
2 0 22 2 0
1 0 18 1 0
2 0 20 2 0
0 0 2 0 0
3 0 33 3 0
0 0 9 0 0
2 0 25 2 0
1 0 10 1 0
1 0 18 1 0
3 0 34 3 0
1 0 11 1 0
2 0 24 2 0
3 0 38 3 0
0 0 2 0 0
2 0 26 2 0
2 0 27 2 0
1 0 15 1 0
0 0 0 0 0
4 0 47 4 0
0 0 8 0 0
2 0 23 2 0
0 0 5 0 0
4 0 48 4 0
3 0 34 3 0
0 0 9 0 0
2 0 25 2 0
3 0 37 3 0
3 0 34 3 0
4 0 41 4 0
1 0 17 1 0
0 0 3 0 0
2 0 21 2 0
0 0 5 0 0
4 0 40 4 0
1 0 11 1 0
3 0 31 3 0
0 0 4 0 0
1 0 14 1 0
1 0 12 1 0
1 0 12 1 0
3 0 39 3 0
1 0 13 1 0
1 0 13 1 0
1 0 19 1 0
1 0 15 1 0
1 0 14 1 0
3 0 36 3 0
3 0 35 3 0
1 0 19 1 0
0 0 4 0 0
2 0 27 2 0
4 0 44 4 0
3 0 39 3 0
4 0 45 4 0
1 0 16 1 0
3 0 32 3 0
3 0 30 3 0
0 0 0 0 0
4 0 42 4 0
3 0 38 3 0
0 0 8 0 0
1 0 19 1 0
0 0 0 0 0
3 0 31 3 0
2 0 20 2 0
3 0 37 3 0
1 0 10 1 0
0 0 1 0 0
4 0 41 4 0
3 0 36 3 0
0 0 5 0 0
4 0 46 4 0
1 0 15 1 0
3 0 35 3 0
0 0 3 0 0
0 0 3 0 0
1 0 15 1 0
4 0 43 4 0
2 0 27 2 0
0 0 6 0 0
0 0 7 0 0
1 0 14 1 0
2 0 21 2 0
3 0 39 3 0
1 0 17 1 0
2 0 25 2 0
2 0 26 2 0
1 0 13 1 0
3 0 33 3 0
4 0 47 4 0
1 0 16 1 0
1 0 15 1 0
1 0 16 1 0
2 0 28 2 0
1 0 18 1 0
0 0 9 0 0
2 0 28 2 0
2 0 28 2 0
1 0 12 1 0
2 0 20 2 0
1 0 13 1 0
2 0 29 2 0
1 0 16 1 0
1 0 17 1 0
1 0 10 1 0
2 0 21 2 0
2 0 29 2 0
0 0 4 0 0
3 0 38 3 0
4 0 46 4 0
1 0 15 1 0
4 0 42 4 0
2 0 22 2 0
1 0 17 1 0
1 0 16 1 0
4 0 46 4 0
3 0 30 3 0
3 0 31 3 0
2 0 21 2 0
2 0 28 2 0
2 0 23 2 0
0 0 4 0 0
4 0 47 4 0
2 0 24 2 0
4 0 49 4 0
